3
0 0 7 4 0 0 0 0 3
0 4 0 5 0 0 2 0 6
0 9 0 0 3 8 0 5 4
6 0 0 0 2 0 8 4 0
0 0 2 6 0 7 1 0 0
0 7 5 0 0 0 0 0 9
5 1 0 7 8 0 0 6 0
7 0 3 0 0 6 0 9 0
8 0 0 0 0 2 5 0 0
4 0 2 9 0 0 1 3 0
5 3 1 6 0 0 0 9 0
7 0 0 0 3 1 0 0 5
0 0 4 0 0 0 0 5 8
2 0 0 0 9 0 0 1 6
0 1 0 0 0 0 9 0 0 
6 2 0 3 0 9 0 0 4
0 4 0 0 0 6 0 7 9
0 5 8 4 2 7 3 0 0
2 0 0 7 1 6 0 5 9
4 0 9 5 0 0 0 0 0
0 0 0 4 0 0 0 3 0
8 0 0 0 0 0 5 4 2
6 0 0 0 0 0 0 0 3
3 1 5 0 0 0 0 0 7
0 4 0 0 0 1 0 0 0
0 0 0 0 0 7 3 0 4
7 6 0 9 4 2 0 0 5